00001(72)2510000(01)0007064002448(73)2(03)013565 (04)BLU BNY IC FSC                (05)   4(06)   46 FO(52)   21.60(55)    8.69(51)250613
(Serial no) - (zone) - (upc) -             iten#  dept    item discription			     pk			size		case cost	reg price tag date	     TPR  date on		date off
00002(72)2510000(01)0070897111805(73)2(03)015305 (04)LH SFT & CHWY CHOC CHNK CKIE  (05)  12(06)   15 OZ(52)   49.10(55)    5.89(51)250613
00003(72)2510000(01)0070897191678(73)2(03)015321 (04)LFTHSE PINK FSC 10CT          (05)  15(06)   13.5Z(52)   55.30(55)    5.29(51)250613
00004(72)2510000(01)0070897191679(73)2(03)015339 (04)LFTHSE YLW FSC 10CT           (05)  15(06)   13.5Z(52)   55.30(55)    5.29(51)250613
00005(72)2510000(01)0070897191680(73)2(03)015347 (04)LFTHSE WHT FSC 10CT           (05)  15(06)   13.5Z(52)   55.30(55)    5.29(51)250613
00006(72)2510000(01)0007064001476(73)2(03)016527 (04)BLU BNY IC ROCKIN' ROCKY ROAD (05)   4(06)   46 FO(52)   21.60(55)    8.69(51)250613 (57)    8.19 (58)250613 (59)251225
00007(72)2510000(01)0007064002374(73)2(03)020420 (04)BLU BNY SFT IC MNTCC          (05)   4(06)   46 FO(52)   21.60(55)    8.69(51)250613 (57)    8.19 (58)250613 (59)251225
00008(72)2510000(01)0007064002369(73)2(03)022194 (04)BLU BNY SOFT ICE CREAM VANILLA(05)   4(06)   46 FO(52)   21.60(55)    8.69(51)250613 (57)    8.19 (58)250613 (59)251225
00009(72)2510000(01)0007064002371(73)2(03)022822 (04)BLU BNY SFT IC CKI 'N CRM     (05)   4(06)   46 FO(52)   21.60(55)    8.69(51)250613 (57)    8.19 (58)250613 (59)251225
00010(72)2510000(01)0007064002370(73)2(03)023168 (04)BLU BNY SFT IC CHOC           (05)   4(06)   46 FO(52)   21.60(55)    8.69(51)250613 (57)    8.19 (58)250613 (59)251225
00011(72)2510000(01)0070897191684(73)2(03)023531 (04)LFTHSE FSC BLU 10CT           (05)  15(06)   13.5Z(52)   55.30(55)    5.29(51)250613
00012(72)2510000(01)0007064002460(73)2(03)026468 (04)BLU BNY SFT IC PBC            (05)   4(06)   46 FO(52)   21.60(55)    8.69(51)250613 (57)    8.19 (58)250613 (59)251225
00013(72)2510000(01)0007064002470(73)2(03)026518 (04)BLU BNY SFT IC SLT CRML       (05)   4(06)   46 FO(52)   21.60(55)    8.69(51)250613 (57)    8.19 (58)250613 (59)251225
00014(72)2510000(01)0007064002469(73)2(03)026534 (04)BLU BNY SFT IC LE             (05)   4(06)   46 FO(52)   21.60(55)    8.69(51)250613
00015(72)2510000(01)0007064002372(73)2(03)026542 (04)BLU BNY SFT IC STRWB          (05)   4(06)   46 FO(52)   21.60(55)    8.69(51)250613 (57)    8.19 (58)250613 (59)251225
00016(72)2500000(01)0004150550002(73)2(03)046383 (04)REED 50HR CLR WHTWAX50002     (05)  12(06)   4  IN(52)   14.00(55)    1.69(51)250613
00017(72)2500000(01)0004150552101(73)2(03)046391 (04)REED VRGN SN JUAN   52101     (05)  12(06)   4  IN(52)   14.00(55)    1.69(51)250613
00018(72)2500000(01)0004741623134(73)2(03)047662 (04)FEST WOW CHOC CKI SW W VAN CRM(05)  12(06)   12.7Z(52)   26.95(55)    3.19(51)250613
00019(72)2520000(01)0003500051112(73)2(03)051177 (04)CLGT 3XACT TP ORIG MINT       (05)   6(06)   6  OZ(52)   13.45(55)    3.49(51)250613 (57)    3.09 (58)250613 (59)250710
00020(72)2520000(01)0003500051093(73)2(03)051185 (04)CLGT SPRK WHT TP MINT ZING    (05)   6(06)   6  OZ(52)   13.45(55)    3.49(51)250613 (57)    3.09 (58)250613 (59)250710
00021(72)2520000(01)0003500051087(73)2(03)051243 (04)CLGT BSP WHITEN TP BRISK MINT (05)   6(06)   6  OZ(52)   13.45(55)    3.49(51)250613 (57)    3.09 (58)250613 (59)250710
00022(72)2520000(01)0003500051088(73)2(03)051250 (04)CLGT CAVITY PROTECTION TP REG (05)   6(06)   6  OZ(52)   13.45(55)    3.49(51)250613 (57)    3.09 (58)250613 (59)250710
00023(72)2520000(01)0003500051089(73)2(03)051276 (04)CLGT BKSODA PERX WHT GEL      (05)   6(06)   6  OZ(52)   13.45(55)    3.49(51)250613 (57)    3.09 (58)250613 (59)250710
00024(72)2500000(01)0007013209914(73)2(03)054304 (04)JUAN.NACHO CHS SAUCE09914     (05)   6(06)   106OZ(52)   70.50(55)   16.79(51)250613 (57)   15.89 (58)250613 (59)250710
00025(72)2500000(01)0007423459216(73)2(03)056242 (04)SAN MARCOS NOPALITOS59216     (05)  12(06)   29 OZ(52)   35.90(55)    4.29(51)250613
00026(72)2500000(01)0007423495113(73)2(03)056861 (04)S/MAR CHIPOTLES               (05)  12(06)   11 OZ(52)   38.35(55)    4.59(51)250613 (57)    3.79 (58)250613 (59)250626
00027(72)2500000(01)0007423499111(73)2(03)056903 (04)S/MAR WHL JALP PEPPR99111     (05)   6(06)   100OZ(52)   32.60(55)    7.79(51)250613
00028(72)2500000(01)0007423498112(73)2(03)056929 (04)SAN MARCOS JAL SLC            (05)  12(06)   26 OZ(52)   30.30(55)    3.59(51)250613 (57)    2.99 (58)250613 (59)250626
00029(72)2500000(01)0007423497112(73)2(03)056937 (04)S/MAR SERRANO PEPPER97112     (05)  12(06)   25.9Z(52)   28.15(55)    3.39(51)250613
00030(72)2500000(01)0007423496112(73)2(03)056952 (04)S/MAR NACHO JALAPENO96112     (05)  12(06)   25.9Z(52)   32.75(55)    3.89(51)250613
00031(72)2500000(01)0007423499112(73)2(03)057000 (04)SAN MARCOS WHL JALEPENO PEPP  (05)  12(06)   25.9Z(52)   23.70(55)    2.79(51)250613
00032(72)2500000(01)0007423498113(73)2(03)057026 (04)S/MAR SLICE JAL PEPR98113     (05)  12(06)   11.0Z(52)   18.95(55)    2.29(51)250613
00033(72)2500000(01)0007423496113(73)2(03)057034 (04)S/MAR NACHO JAL PEPR96113     (05)  12(06)   11.0Z(52)   19.10(55)    2.29(51)250613
00034(72)2500000(01)0007423495114(73)2(03)057059 (04)SAN MARCOS CHPTL PPPRS DB SCE (05)  24(06)   7.5OZ(52)   41.65(55)    2.49(51)250613 (57)    2.19 (58)250613 (59)250626
00035(72)2500000(01)0007423495112(73)2(03)058792 (04)S/MAR CHILPOTLE PEPR95112     (05)  12(06)   28 OZ(52)   73.85(55)    8.79(51)250613
00036(72)2500000(01)0003500053032(73)2(03)060277 (04)FBLSO MPC LAV                 (05)   6(06)   56 FO(52)   30.15(55)    6.69(51)250613 (57)    5.69 (58)250613 (59)250703
00037(72)2500000(01)0003500053030(73)2(03)060426 (04)FBLSO MPC PASSION OF FRT      (05)   6(06)   56 FO(52)   30.15(55)    6.69(51)250613 (57)    5.69 (58)250613 (59)250703
00038(72)2510000(01)0007064001309(73)2(03)064741 (04)BLU BNY IC SLT CRML CRAZE     (05)   4(06)   46 FO(52)   21.60(55)    8.69(51)250613 (57)    8.19 (58)250613 (59)251225
00039(72)2510000(01)0007064001244(73)2(03)066209 (04)BLU BNY IC SPR FDG BRWNI      (05)   4(06)   46 FO(52)   21.60(55)    8.69(51)250613 (57)    8.19 (58)250613 (59)251225
00040(72)2510000(01)0007064001240(73)2(03)066357 (04)BLU BNY IC CHRY PICKIN' CHOC  (05)   4(06)   46 FO(52)   21.60(55)    8.69(51)250613 (57)    8.19 (58)250613 (59)251225
00041(72)2500000(01)0001480000179(73)2(03)084897 (04)MOTTS APPLESAUCE ORIG PET     (05)  12(06)   24 OZ(52)   27.25(55)    3.19(51)250613
00042(72)2500000(01)0002850010025(73)2(03)090613 (04)LCKLF CHERRY PIE FILLING      (05)   8(06)   21 OZ(52)   31.80(55)    5.89(51)250613 (57)    5.59 (58)250613 (59)250710
00043(72)2500000(01)0002850010040(73)2(03)090654 (04)L/LEAF PREM PEACH   10040     (05)   8(06)   21 OZ(52)   33.55(55)    6.19(51)250613 (57)    5.59 (58)250613 (59)250710
00044(72)2500000(01)0002850010060(73)2(03)090712 (04)LCKLF PREM STRWB PIE FILLING  (05)   8(06)   21 OZ(52)   33.55(55)    6.19(51)250613 (57)    5.59 (58)250613 (59)250710
00045(72)2500000(01)0004218720356(73)2(03)092452 (04)B YET CRSHD PINE IN JCE       (05)  24(06)   20 OZ(52)   40.95(55)    2.39(51)250613
00046(72)2500000(01)0004218720355(73)2(03)092460 (04)B YET PINE SLC IN JCE         (05)  24(06)   20 OZ(52)   42.60(55)    2.49(51)250613
00047(72)2500000(01)0004218720354(73)2(03)092478 (04)B YET PINE CHUNKS IN JCE      (05)  24(06)   20 OZ(52)   42.60(55)    2.49(51)250613
00048(72)2500000(01)0004480040102(73)2(03)099903 (04)NATRA TASTE VALUE BOX 120CT   (05)  12(06)   4.2OZ(52)   20.70(55)    2.49(51)250613 (57)    2.09 (58)250613 (59)250710
00049(72)2500000(01)0004218721970(73)2(03)103317 (04)BY REG BLEACH 7.5%            (05)   6(06)   81 FO(52)   23.50(55)    5.19(51)250613
00050(72)2500000(01)0001270000015(73)2(03)103879 (04)NW SKINNER TEXAS PASTA        (05)  12(06)   12 OZ(52)   16.05(55)    1.99(51)250613
00051(72)2500000(01)0004218700469(73)2(03)105197 (04)B YET BATH TISSUE 6 MEGA ROLL (05)   6(06)   202.F(52)   27.50(55)    6.59(51)250613
00052(72)2500000(01)0004218700464(73)2(03)105312 (04)B YET ULT SAS PT 2RL          (05)  12(06)   82.5F(52)   34.75(55)    4.09(51)250613
00053(72)2500000(01)0002100007713(73)2(03)107847 (04)KRFT M&CBIG BOWLS ORIG        (05)   6(06)   3.5OZ(52)   20.90(55)    5.09(51)250613 (57)    4.59 (58)250613 (59)250626
00054(72)2500000(01)0002100007714(73)2(03)107854 (04)KRFT M&C BIG BOWLS SPIRALS    (05)   6(06)   3.5OZ(52)   20.90(55)    4.59(51)250613 (57)    4.19 (58)250613 (59)250626
00055(72)2500000(01)0002100007715(73)2(03)107862 (04)KRFT VLVTA BIG BOWL ORIG      (05)   6(06)   5  OZ(52)   20.90(55)    4.59(51)250613 (57)    4.19 (58)250613 (59)250626
00056(72)2500000(01)0002100007717(73)2(03)107938 (04)KRFT VLVTA BIG BOWL W/BCN     (05)   6(06)   5  OZ(52)   20.90(55)    4.59(51)250613 (57)    4.19 (58)250613 (59)250626
00057(72)2500000(01)0004300000000(73)2(03)111773 (04)SHP-KLAID JMR 4FLAV MOD       (05) 192(06)   60 CT(52)  647.65(55)    4.49(51)250613 (57)    3.59 (58)250613 (59)250710

